Ports ouverts détectés:
49668
49669
49670
57861
49673
49674
60939
49675
49676
49677
49678
49679
49680
49681
49682
49683
49685
49684
49686
49687
49688
49689
49690
49691
49692
49693
49695
49696
49697
49698
49699
63518
49701
49702
49703
49704
49705
49706
49707
49708
49709
49710
49711
49712
49713
49714
49715
49716
53
49717
49718
49719
49720
49721
49722
49723
49724
49725
49726
49727
49728
49729
67
68
49730
59462
49731
49732
49733
49734
49735
49736
49737
49738
49739
49740
49741
80
49742
49743
49744
88
57437
55390
64605
123
63621
135
137
138
12432
63141
59574
63681
54468
57031
61644
61645
53466
5353
51953
57113
57114
57116
61730
65316
65353
65355
61260
59769
52602
50557
52095
389
54667
54668
54160
53812
57775
443
445
52170
63435
55858
57294
60894
60896
60898
56310

IPs suspectes détectées:
194.26.135.119
204.79.197.222
13.107.18.254
224.0.0.251
13.107.6.163
13.107.42.254
13.107.246.57
92.118.151.9
13.107.5.88
204.79.197.200
20.7.1.246
255.255.255.255
152.199.24.163
52.108.8.254
23.11.231.136
10.7.10.9
72.21.81.200
10.7.10.255
204.79.197.203
13.107.21.200
52.248.96.54
195.161.114.3
10.7.10.47
13.66.14.83
224.0.0.22
23.218.232.189
20.42.65.88
